36
4
99
48
70
79
89
4
96
30
10
22
38
53
35
10
26
2
35
85
56
59
15
78
41
65
9
65
13
54
38
1
12
59
50
44
36
96
8
62
61
22
99
26
45
78
25
25
63
92
87
33
99
62
70
87
1
64
61
58
20
10
47
67
62
41
80
50
14
36
16
47
13
61
48
10
61
7
66
52
20
99
7
6
10
0
72
93
22
73
27
13
35
1
76
36
99
34
40
82
57
55
69
14
72
96
68
24
4
49
96
91
29
55
0
91
74
62
21
47
29
84
26
37
42
19
33
66
69
54
67
57
72
50
51
80
71
80
31
50
16
4
4
69
10
72
86
92
30
66
61
38
4
53
14
38
44
47
89
2
74
9
40
62
1
72
45
93
92
23
14
79
81
70
46
84
60
38
67
98
96
56
91
22
89
72
28
56
70
10
26
72
33
3
55
13
58
70
1
13
89
27
76
72
56
10
26
2
49
89
17
32
49
7
57
47
10
61
96
16
31
71
30
31
54
84
73
75
79
16
46
92
17
2
98
92
25
42
20
60
67
37
28
10
36
52
81
69
53
24
96
16
36
31
39
9
42
36
5
35
45
85
3
81
15
50
23
55
20
27
24
70
89
46
51
73
66
3
33
11
21
57
79
19
65
9
11
20
55
75
32
73
48
26
9
18
42
29
47
29
60
24
94
23
47
76
94
15
7
6
99
30
95
32
78
70
86
14
23
93
59
74
9
49
92
50
37
33
11
93
39
87
14
73
9
77
9
40
54
70
38
28
56
54
9
1
91
59
54
78
27
87
72
7
60
76
68
89
61
14
35
69
10
39
9
84
75
86
59
40
58
46
44
35
92
30
4
88
53
17
78
48
83
80
20
63
58
61
53
37
82
83
63
84
16
8
2
50
46
58
14
53
51
53
5
11
95
12
77
81
21
64
89
60
7
22
66
74
18
88
94
47
44
2
74
12
62
19
13
65
3
23
53
91
68
33
56
45
93
94
15
8
58
73
60
19
95
34
59
41
73
14
77
82
15
24
84
44
44
50
26
49
39
52
51
43
25
98
10
77
90
29
70
98
29
95
39
1
62
56
61
22
30
65
99
51
50
17
89
35
25
40
24
58
36
52
98
95
95
98
27
62
66
57
34
33
81
14
86
69
50
52
86
18
9
84
99
57
31
17
61
95
73
5
11
38
83
20
81
1
81
3
38
32
92
9
39
98
62
30
12
63
57
1
68
62
27
72
59
85
29
71
20
71
60
30
97
84
12
8
65
15
91
40
0
88
70
23
6
66
1
4
21
52
41
4
41
68
56
63
56
94
31
8
27
3
83
86
4
6
79
47
12
70
62
5
77
30
58
85
29
51
37
75
23
52
84
85
4
34
26
16
41
54
82
80
0
51
6
97
73
48
63
98
68
39
30
91
48
17
46
88
58
94
11
63
84
66
35
84
93
26
59
31
11
81
3
11
29
59
4
27
71
63
10
46
99
25
94
77
26
82
60
3
16
48
42
21
41
95
14
16
85
66
39
20
62
76
16
41
81
91
45
73
83
46
58
68
7
31
86
87
74
56
53
32
43
19
38
36
73
46
41
67
66
13
13
64
37
7
86
93
32
39
13
14
49
66
81
67
63
19
30
9
74
0
49
65
15
49
28
20
25
92
88
51
78
34
85
50
54
97
1
28
31
15
25
62
0
51
33
62
8
59
59
92
80
13
64
15
65
36
31
13
89
12
95
48
24
47
40
79
70
42
93
78
12
19
89
58
21
40
64
36
48
89
65
91
92
32
58
26
59
30
44
20
88
23
50
24
12
11
13
5
96
59
38
59
93
27
96
68
84
82
68
66
25
80
67
98
19
52
43
90
79
45
18
92
75
28
8
69
6
9
69
14
22
4
28
14
80
11
70
55
44
80
70
40
25
71
5
66
85
18
27
30
64
79
10
73
22
68
11
53
58
99
50
61
8
48
66
57
63
39
48
52
2
66
38
57
66
48
4
25
46
6
69
27
66
7
63
20
32
99
33
78
48
24
87
55
48
8
94
54
45
43
97
89
46
50
76
83
31
38
11
38
53
75
75
25
33
76
13
39
86
40
4
80
17
52
98
2
12
23
90
94
75
75
85
49
95
97
64
12
12
9
6
90
7
93
23
0
93
76
88
65
72
35
82
85
44
86
35
45
44
66
44
32
83
27
41
8
82
2
53
5
78
85
38
43
75
5
22
59
15
70
66
23
45
81
76
7
73
40
50
25
34
36
10
78
